2
5
1030
1546
1034
1036
1041
1555
1043
1045
23
1048
1559
1565
1567
34
1062
1576
553
1577
1580
557
1074
1586
1081
570
58
1085
1087
1091
69
73
74
589
1615
1111
89
90
1116
605
1630
95
97
1122
1636
615
1130
1644
1646
632
1145
639
129
1667
1156
1670
646
648
137
139
140
1676
1689
153
157
1184
676
165
1190
169
175
178
1716
1209
185
188
189
191
192
1216
1727
196
198
1232
1746
216
1752
1246
738
1264
245
1781
1783
1271
249
253
254
255
257
1286
776
1290
779
1809
275
1812
278
1304
281
794
795
1313
290
289
804
806
1832
297
1323
1330
818
819
823
824
1850
827
1854
1343
1344
1346
1858
325
1870
335
1365
854
855
1880
857
858
862
351
1894
874
1387
878
1904
1395
884
1398
1399
1400
379
1404
1917
381
1918
382
386
898
1414
397
1422
399
1424
911
1434
1436
1437
1444
1967
1968
1459
948
1462
440
1465
1983
1471
448
1480
1996
463
469
988
479
480
1503
494
1011
500
1525
1017
